epi_date_v3,cases,7-day average,cumulative cases,asof,cumulative_sum
5/10/2022,1,0.0,1,Data as Reported to CDC as of 15 Mar 2023 2:00 PM EDT,1
5/11/2022,5,0.0,6,Data as Reported to CDC as of 15 Mar 2023 2:00 PM EDT,6
5/12/2022,0,0.0,6,Data as Reported to CDC as of 15 Mar 2023 2:00 PM EDT,6
5/13/2022,0,0.0,6,Data as Reported to CDC as of 15 Mar 2023 2:00 PM EDT,6
5/14/2022,0,0.0,6,Data as Reported to CDC as of 15 Mar 2023 2:00 PM EDT,6
5/15/2022,2,0.0,8,Data as Reported to CDC as of 15 Mar 2023 2:00 PM EDT,8
5/16/2022,7,2.142857143,15,Data as Reported to CDC as of 15 Mar 2023 2:00 PM EDT,15
5/17/2022,3,2.428571429,18,Data as Reported to CDC as of 15 Mar 2023 2:00 PM EDT,18
5/18/2022,2,2.0,20,Data as Reported to CDC as of 15 Mar 2023 2:00 PM EDT,20
5/19/2022,3,2.428571429,23,Data as Reported to CDC as of 15 Mar 2023 2:00 PM EDT,23
5/20/2022,0,2.428571429,23,Data as Reported to CDC as of 15 Mar 2023 2:00 PM EDT,23
5/21/2022,1,2.571428571,24,Data as Reported to CDC as of 15 Mar 2023 2:00 PM EDT,24
5/22/2022,1,2.428571429,25,Data as Reported to CDC as of 15 Mar 2023 2:00 PM EDT,25
5/23/2022,3,1.857142857,28,Data as Reported to CDC as of 15 Mar 2023 2:00 PM EDT,28
5/24/2022,4,2.0,32,Data as Reported to CDC as of 15 Mar 2023 2:00 PM EDT,32
5/25/2022,2,2.0,34,Data as Reported to CDC as of 15 Mar 2023 2:00 PM EDT,34
5/26/2022,2,1.857142857,36,Data as Reported to CDC as of 15 Mar 2023 2:00 PM EDT,36
5/27/2022,4,2.428571429,40,Data as Reported to CDC as of 15 Mar 2023 2:00 PM EDT,40
5/28/2022,0,2.285714286,40,Data as Reported to CDC as of 15 Mar 2023 2:00 PM EDT,40
5/29/2022,6,3.0,46,Data as Reported to CDC as of 15 Mar 2023 2:00 PM EDT,46
5/30/2022,8,3.714285714,54,Data as Reported to CDC as of 15 Mar 2023 2:00 PM EDT,54
5/31/2022,5,3.857142857,59,Data as Reported to CDC as of 15 Mar 2023 2:00 PM EDT,59
6/1/2022,9,4.857142857,68,Data as Reported to CDC as of 15 Mar 2023 2:00 PM EDT,68
6/2/2022,13,6.428571429,81,Data as Reported to CDC as of 15 Mar 2023 2:00 PM EDT,81
6/3/2022,7,6.857142857,88,Data as Reported to CDC as of 15 Mar 2023 2:00 PM EDT,88
6/4/2022,5,7.571428571,93,Data as Reported to CDC as of 15 Mar 2023 2:00 PM EDT,93
6/5/2022,6,7.571428571,99,Data as Reported to CDC as of 15 Mar 2023 2:00 PM EDT,99
6/6/2022,20,9.285714286,119,Data as Reported to CDC as of 15 Mar 2023 2:00 PM EDT,119
6/7/2022,19,11.28571429,138,Data as Reported to CDC as of 15 Mar 2023 2:00 PM EDT,138
6/8/2022,12,11.71428571,150,Data as Reported to CDC as of 15 Mar 2023 2:00 PM EDT,150
6/9/2022,6,10.71428571,156,Data as Reported to CDC as of 15 Mar 2023 2:00 PM EDT,156
6/10/2022,24,13.14285714,180,Data as Reported to CDC as of 15 Mar 2023 2:00 PM EDT,180
6/11/2022,11,14.0,191,Data as Reported to CDC as of 15 Mar 2023 2:00 PM EDT,191
6/12/2022,27,17.0,218,Data as Reported to CDC as of 15 Mar 2023 2:00 PM EDT,218
6/13/2022,25,17.71428571,243,Data as Reported to CDC as of 15 Mar 2023 2:00 PM EDT,243
6/14/2022,26,18.71428571,269,Data as Reported to CDC as of 15 Mar 2023 2:00 PM EDT,269
6/15/2022,33,21.71428571,302,Data as Reported to CDC as of 15 Mar 2023 2:00 PM EDT,302
6/16/2022,26,24.57142857,328,Data as Reported to CDC as of 15 Mar 2023 2:00 PM EDT,328
6/17/2022,33,25.85714286,361,Data as Reported to CDC as of 15 Mar 2023 2:00 PM EDT,361
6/18/2022,26,28.0,387,Data as Reported to CDC as of 15 Mar 2023 2:00 PM EDT,387
6/19/2022,36,29.28571429,423,Data as Reported to CDC as of 15 Mar 2023 2:00 PM EDT,423
6/20/2022,42,31.71428571,465,Data as Reported to CDC as of 15 Mar 2023 2:00 PM EDT,465
6/21/2022,43,34.14285714,508,Data as Reported to CDC as of 15 Mar 2023 2:00 PM EDT,508
6/22/2022,62,38.28571429,570,Data as Reported to CDC as of 15 Mar 2023 2:00 PM EDT,570
6/23/2022,56,42.57142857,626,Data as Reported to CDC as of 15 Mar 2023 2:00 PM EDT,626
6/24/2022,50,45.0,676,Data as Reported to CDC as of 15 Mar 2023 2:00 PM EDT,676
6/25/2022,55,49.14285714,731,Data as Reported to CDC as of 15 Mar 2023 2:00 PM EDT,731
6/26/2022,65,53.28571429,796,Data as Reported to CDC as of 15 Mar 2023 2:00 PM EDT,796
6/27/2022,97,61.14285714,893,Data as Reported to CDC as of 15 Mar 2023 2:00 PM EDT,893
6/28/2022,90,67.85714286,983,Data as Reported to CDC as of 15 Mar 2023 2:00 PM EDT,983
6/29/2022,79,70.28571429,1062,Data as Reported to CDC as of 15 Mar 2023 2:00 PM EDT,1062
6/30/2022,114,78.57142857,1176,Data as Reported to CDC as of 15 Mar 2023 2:00 PM EDT,1176
7/1/2022,135,90.71428571,1311,Data as Reported to CDC as of 15 Mar 2023 2:00 PM EDT,1311
7/2/2022,126,100.8571429,1437,Data as Reported to CDC as of 15 Mar 2023 2:00 PM EDT,1437
7/3/2022,132,110.4285714,1569,Data as Reported to CDC as of 15 Mar 2023 2:00 PM EDT,1569
7/4/2022,163,119.8571429,1732,Data as Reported to CDC as of 15 Mar 2023 2:00 PM EDT,1732
7/5/2022,184,133.2857143,1916,Data as Reported to CDC as of 15 Mar 2023 2:00 PM EDT,1916
7/6/2022,178,147.4285714,2094,Data as Reported to CDC as of 15 Mar 2023 2:00 PM EDT,2094
7/7/2022,186,157.7142857,2280,Data as Reported to CDC as of 15 Mar 2023 2:00 PM EDT,2280
7/8/2022,245,173.4285714,2525,Data as Reported to CDC as of 15 Mar 2023 2:00 PM EDT,2525
7/9/2022,192,182.8571429,2717,Data as Reported to CDC as of 15 Mar 2023 2:00 PM EDT,2717
7/10/2022,221,195.5714286,2938,Data as Reported to CDC as of 15 Mar 2023 2:00 PM EDT,2938
7/11/2022,347,221.8571429,3285,Data as Reported to CDC as of 15 Mar 2023 2:00 PM EDT,3285
7/12/2022,236,229.2857143,3521,Data as Reported to CDC as of 15 Mar 2023 2:00 PM EDT,3521
7/13/2022,275,243.1428571,3796,Data as Reported to CDC as of 15 Mar 2023 2:00 PM EDT,3796
7/14/2022,301,259.5714286,4097,Data as Reported to CDC as of 15 Mar 2023 2:00 PM EDT,4097
7/15/2022,350,274.5714286,4447,Data as Reported to CDC as of 15 Mar 2023 2:00 PM EDT,4447
7/16/2022,259,284.1428571,4706,Data as Reported to CDC as of 15 Mar 2023 2:00 PM EDT,4706
7/17/2022,252,288.5714286,4958,Data as Reported to CDC as of 15 Mar 2023 2:00 PM EDT,4958
7/18/2022,412,297.8571429,5370,Data as Reported to CDC as of 15 Mar 2023 2:00 PM EDT,5370
7/19/2022,328,311.0,5698,Data as Reported to CDC as of 15 Mar 2023 2:00 PM EDT,5698
7/20/2022,369,324.4285714,6067,Data as Reported to CDC as of 15 Mar 2023 2:00 PM EDT,6067
7/21/2022,336,329.4285714,6403,Data as Reported to CDC as of 15 Mar 2023 2:00 PM EDT,6403
7/22/2022,354,330.0,6757,Data as Reported to CDC as of 15 Mar 2023 2:00 PM EDT,6757
7/23/2022,308,337.0,7065,Data as Reported to CDC as of 15 Mar 2023 2:00 PM EDT,7065
7/24/2022,324,347.2857143,7389,Data as Reported to CDC as of 15 Mar 2023 2:00 PM EDT,7389
7/25/2022,512,361.5714286,7901,Data as Reported to CDC as of 15 Mar 2023 2:00 PM EDT,7901
7/26/2022,405,372.5714286,8306,Data as Reported to CDC as of 15 Mar 2023 2:00 PM EDT,8306
7/27/2022,462,385.8571429,8768,Data as Reported to CDC as of 15 Mar 2023 2:00 PM EDT,8768
7/28/2022,437,400.2857143,9205,Data as Reported to CDC as of 15 Mar 2023 2:00 PM EDT,9205
7/29/2022,461,415.5714286,9666,Data as Reported to CDC as of 15 Mar 2023 2:00 PM EDT,9666
7/30/2022,372,424.7142857,10038,Data as Reported to CDC as of 15 Mar 2023 2:00 PM EDT,10038
7/31/2022,359,429.7142857,10397,Data as Reported to CDC as of 15 Mar 2023 2:00 PM EDT,10397
8/1/2022,631,446.7142857,11028,Data as Reported to CDC as of 15 Mar 2023 2:00 PM EDT,11028
8/2/2022,468,455.7142857,11496,Data as Reported to CDC as of 15 Mar 2023 2:00 PM EDT,11496
8/3/2022,452,454.2857143,11948,Data as Reported to CDC as of 15 Mar 2023 2:00 PM EDT,11948
8/4/2022,431,453.4285714,12379,Data as Reported to CDC as of 15 Mar 2023 2:00 PM EDT,12379
8/5/2022,490,457.5714286,12869,Data as Reported to CDC as of 15 Mar 2023 2:00 PM EDT,12869
8/6/2022,388,459.8571429,13257,Data as Reported to CDC as of 15 Mar 2023 2:00 PM EDT,13257
8/7/2022,353,459.0,13610,Data as Reported to CDC as of 15 Mar 2023 2:00 PM EDT,13610
8/8/2022,498,440.0,14108,Data as Reported to CDC as of 15 Mar 2023 2:00 PM EDT,14108
8/9/2022,413,432.1428571,14521,Data as Reported to CDC as of 15 Mar 2023 2:00 PM EDT,14521
8/10/2022,463,433.7142857,14984,Data as Reported to CDC as of 15 Mar 2023 2:00 PM EDT,14984
8/11/2022,402,429.5714286,15386,Data as Reported to CDC as of 15 Mar 2023 2:00 PM EDT,15386
8/12/2022,417,419.1428571,15803,Data as Reported to CDC as of 15 Mar 2023 2:00 PM EDT,15803
8/13/2022,360,415.1428571,16163,Data as Reported to CDC as of 15 Mar 2023 2:00 PM EDT,16163
8/14/2022,316,409.8571429,16479,Data as Reported to CDC as of 15 Mar 2023 2:00 PM EDT,16479
8/15/2022,474,406.4285714,16953,Data as Reported to CDC as of 15 Mar 2023 2:00 PM EDT,16953
8/16/2022,324,393.7142857,17277,Data as Reported to CDC as of 15 Mar 2023 2:00 PM EDT,17277
8/17/2022,336,375.5714286,17613,Data as Reported to CDC as of 15 Mar 2023 2:00 PM EDT,17613
8/18/2022,401,375.4285714,18014,Data as Reported to CDC as of 15 Mar 2023 2:00 PM EDT,18014
8/19/2022,395,372.2857143,18409,Data as Reported to CDC as of 15 Mar 2023 2:00 PM EDT,18409
8/20/2022,342,369.7142857,18751,Data as Reported to CDC as of 15 Mar 2023 2:00 PM EDT,18751
8/21/2022,274,363.7142857,19025,Data as Reported to CDC as of 15 Mar 2023 2:00 PM EDT,19025
8/22/2022,349,345.8571429,19374,Data as Reported to CDC as of 15 Mar 2023 2:00 PM EDT,19374
8/23/2022,358,350.7142857,19732,Data as Reported to CDC as of 15 Mar 2023 2:00 PM EDT,19732
8/24/2022,304,346.1428571,20036,Data as Reported to CDC as of 15 Mar 2023 2:00 PM EDT,20036
8/25/2022,316,334.0,20352,Data as Reported to CDC as of 15 Mar 2023 2:00 PM EDT,20352
8/26/2022,318,323.0,20670,Data as Reported to CDC as of 15 Mar 2023 2:00 PM EDT,20670
8/27/2022,240,308.4285714,20910,Data as Reported to CDC as of 15 Mar 2023 2:00 PM EDT,20910
8/28/2022,237,303.1428571,21147,Data as Reported to CDC as of 15 Mar 2023 2:00 PM EDT,21147
8/29/2022,304,296.7142857,21451,Data as Reported to CDC as of 15 Mar 2023 2:00 PM EDT,21451
8/30/2022,271,284.2857143,21722,Data as Reported to CDC as of 15 Mar 2023 2:00 PM EDT,21722
8/31/2022,228,273.4285714,21950,Data as Reported to CDC as of 15 Mar 2023 2:00 PM EDT,21950
9/1/2022,340,276.8571429,22290,Data as Reported to CDC as of 15 Mar 2023 2:00 PM EDT,22290
9/2/2022,289,272.7142857,22579,Data as Reported to CDC as of 15 Mar 2023 2:00 PM EDT,22579
9/3/2022,196,266.4285714,22775,Data as Reported to CDC as of 15 Mar 2023 2:00 PM EDT,22775
9/4/2022,166,256.2857143,22941,Data as Reported to CDC as of 15 Mar 2023 2:00 PM EDT,22941
9/5/2022,239,247.0,23180,Data as Reported to CDC as of 15 Mar 2023 2:00 PM EDT,23180
9/6/2022,270,246.8571429,23450,Data as Reported to CDC as of 15 Mar 2023 2:00 PM EDT,23450
9/7/2022,235,247.8571429,23685,Data as Reported to CDC as of 15 Mar 2023 2:00 PM EDT,23685
9/8/2022,238,233.2857143,23923,Data as Reported to CDC as of 15 Mar 2023 2:00 PM EDT,23923
9/9/2022,208,221.7142857,24131,Data as Reported to CDC as of 15 Mar 2023 2:00 PM EDT,24131
9/10/2022,173,218.4285714,24304,Data as Reported to CDC as of 15 Mar 2023 2:00 PM EDT,24304
9/11/2022,108,210.1428571,24412,Data as Reported to CDC as of 15 Mar 2023 2:00 PM EDT,24412
9/12/2022,244,210.8571429,24656,Data as Reported to CDC as of 15 Mar 2023 2:00 PM EDT,24656
9/13/2022,186,198.8571429,24842,Data as Reported to CDC as of 15 Mar 2023 2:00 PM EDT,24842
9/14/2022,183,191.4285714,25025,Data as Reported to CDC as of 15 Mar 2023 2:00 PM EDT,25025
9/15/2022,184,183.7142857,25209,Data as Reported to CDC as of 15 Mar 2023 2:00 PM EDT,25209
9/16/2022,175,179.0,25384,Data as Reported to CDC as of 15 Mar 2023 2:00 PM EDT,25384
9/17/2022,136,173.7142857,25520,Data as Reported to CDC as of 15 Mar 2023 2:00 PM EDT,25520
9/18/2022,120,175.4285714,25640,Data as Reported to CDC as of 15 Mar 2023 2:00 PM EDT,25640
9/19/2022,132,159.4285714,25772,Data as Reported to CDC as of 15 Mar 2023 2:00 PM EDT,25772
9/20/2022,165,156.4285714,25937,Data as Reported to CDC as of 15 Mar 2023 2:00 PM EDT,25937
9/21/2022,138,150.0,26075,Data as Reported to CDC as of 15 Mar 2023 2:00 PM EDT,26075
9/22/2022,152,145.4285714,26227,Data as Reported to CDC as of 15 Mar 2023 2:00 PM EDT,26227
9/23/2022,120,137.5714286,26347,Data as Reported to CDC as of 15 Mar 2023 2:00 PM EDT,26347
9/24/2022,82,129.8571429,26429,Data as Reported to CDC as of 15 Mar 2023 2:00 PM EDT,26429
9/25/2022,86,125.0,26515,Data as Reported to CDC as of 15 Mar 2023 2:00 PM EDT,26515
9/26/2022,139,126.0,26654,Data as Reported to CDC as of 15 Mar 2023 2:00 PM EDT,26654
9/27/2022,109,118.0,26763,Data as Reported to CDC as of 15 Mar 2023 2:00 PM EDT,26763
9/28/2022,101,112.7142857,26864,Data as Reported to CDC as of 15 Mar 2023 2:00 PM EDT,26864
9/29/2022,111,106.8571429,26975,Data as Reported to CDC as of 15 Mar 2023 2:00 PM EDT,26975
9/30/2022,108,105.1428571,27083,Data as Reported to CDC as of 15 Mar 2023 2:00 PM EDT,27083
10/1/2022,85,105.5714286,27168,Data as Reported to CDC as of 15 Mar 2023 2:00 PM EDT,27168
10/2/2022,66,102.7142857,27234,Data as Reported to CDC as of 15 Mar 2023 2:00 PM EDT,27234
10/3/2022,89,95.57142857,27323,Data as Reported to CDC as of 15 Mar 2023 2:00 PM EDT,27323
10/4/2022,81,91.57142857,27404,Data as Reported to CDC as of 15 Mar 2023 2:00 PM EDT,27404
10/5/2022,92,90.28571429,27496,Data as Reported to CDC as of 15 Mar 2023 2:00 PM EDT,27496
10/6/2022,107,89.71428571,27603,Data as Reported to CDC as of 15 Mar 2023 2:00 PM EDT,27603
10/7/2022,89,87.0,27692,Data as Reported to CDC as of 15 Mar 2023 2:00 PM EDT,27692
10/8/2022,55,82.71428571,27747,Data as Reported to CDC as of 15 Mar 2023 2:00 PM EDT,27747
10/9/2022,73,83.71428571,27820,Data as Reported to CDC as of 15 Mar 2023 2:00 PM EDT,27820
10/10/2022,82,82.71428571,27902,Data as Reported to CDC as of 15 Mar 2023 2:00 PM EDT,27902
10/11/2022,68,80.85714286,27970,Data as Reported to CDC as of 15 Mar 2023 2:00 PM EDT,27970
10/12/2022,68,77.42857143,28038,Data as Reported to CDC as of 15 Mar 2023 2:00 PM EDT,28038
10/13/2022,69,72.0,28107,Data as Reported to CDC as of 15 Mar 2023 2:00 PM EDT,28107
10/14/2022,66,68.71428571,28173,Data as Reported to CDC as of 15 Mar 2023 2:00 PM EDT,28173
10/15/2022,48,67.71428571,28221,Data as Reported to CDC as of 15 Mar 2023 2:00 PM EDT,28221
10/16/2022,45,63.71428571,28266,Data as Reported to CDC as of 15 Mar 2023 2:00 PM EDT,28266
10/17/2022,60,60.57142857,28326,Data as Reported to CDC as of 15 Mar 2023 2:00 PM EDT,28326
10/18/2022,52,58.28571429,28378,Data as Reported to CDC as of 15 Mar 2023 2:00 PM EDT,28378
10/19/2022,47,55.28571429,28425,Data as Reported to CDC as of 15 Mar 2023 2:00 PM EDT,28425
10/20/2022,63,54.42857143,28488,Data as Reported to CDC as of 15 Mar 2023 2:00 PM EDT,28488
10/21/2022,57,53.14285714,28545,Data as Reported to CDC as of 15 Mar 2023 2:00 PM EDT,28545
10/22/2022,36,51.42857143,28581,Data as Reported to CDC as of 15 Mar 2023 2:00 PM EDT,28581
10/23/2022,27,48.85714286,28608,Data as Reported to CDC as of 15 Mar 2023 2:00 PM EDT,28608
10/24/2022,51,47.57142857,28659,Data as Reported to CDC as of 15 Mar 2023 2:00 PM EDT,28659
10/25/2022,42,46.14285714,28701,Data as Reported to CDC as of 15 Mar 2023 2:00 PM EDT,28701
10/26/2022,52,46.85714286,28753,Data as Reported to CDC as of 15 Mar 2023 2:00 PM EDT,28753
10/27/2022,52,45.28571429,28805,Data as Reported to CDC as of 15 Mar 2023 2:00 PM EDT,28805
10/28/2022,40,42.85714286,28845,Data as Reported to CDC as of 15 Mar 2023 2:00 PM EDT,28845
10/29/2022,28,41.71428571,28873,Data as Reported to CDC as of 15 Mar 2023 2:00 PM EDT,28873
10/30/2022,27,41.71428571,28900,Data as Reported to CDC as of 15 Mar 2023 2:00 PM EDT,28900
10/31/2022,44,40.71428571,28944,Data as Reported to CDC as of 15 Mar 2023 2:00 PM EDT,28944
11/1/2022,39,40.28571429,28983,Data as Reported to CDC as of 15 Mar 2023 2:00 PM EDT,28983
11/2/2022,39,38.42857143,29022,Data as Reported to CDC as of 15 Mar 2023 2:00 PM EDT,29022
11/3/2022,40,36.71428571,29062,Data as Reported to CDC as of 15 Mar 2023 2:00 PM EDT,29062
11/4/2022,33,35.71428571,29095,Data as Reported to CDC as of 15 Mar 2023 2:00 PM EDT,29095
11/5/2022,31,36.14285714,29126,Data as Reported to CDC as of 15 Mar 2023 2:00 PM EDT,29126
11/6/2022,29,36.42857143,29155,Data as Reported to CDC as of 15 Mar 2023 2:00 PM EDT,29155
11/7/2022,40,35.85714286,29195,Data as Reported to CDC as of 15 Mar 2023 2:00 PM EDT,29195
11/8/2022,27,34.14285714,29222,Data as Reported to CDC as of 15 Mar 2023 2:00 PM EDT,29222
11/9/2022,33,33.28571429,29255,Data as Reported to CDC as of 15 Mar 2023 2:00 PM EDT,29255
11/10/2022,27,31.42857143,29282,Data as Reported to CDC as of 15 Mar 2023 2:00 PM EDT,29282
11/11/2022,31,31.14285714,29313,Data as Reported to CDC as of 15 Mar 2023 2:00 PM EDT,29313
11/12/2022,16,29.0,29329,Data as Reported to CDC as of 15 Mar 2023 2:00 PM EDT,29329
11/13/2022,23,28.14285714,29352,Data as Reported to CDC as of 15 Mar 2023 2:00 PM EDT,29352
11/14/2022,38,27.85714286,29390,Data as Reported to CDC as of 15 Mar 2023 2:00 PM EDT,29390
11/15/2022,19,26.71428571,29409,Data as Reported to CDC as of 15 Mar 2023 2:00 PM EDT,29409
11/16/2022,23,25.28571429,29432,Data as Reported to CDC as of 15 Mar 2023 2:00 PM EDT,29432
11/17/2022,13,23.28571429,29445,Data as Reported to CDC as of 15 Mar 2023 2:00 PM EDT,29445
11/18/2022,30,23.14285714,29475,Data as Reported to CDC as of 15 Mar 2023 2:00 PM EDT,29475
11/19/2022,18,23.42857143,29493,Data as Reported to CDC as of 15 Mar 2023 2:00 PM EDT,29493
11/20/2022,18,22.71428571,29511,Data as Reported to CDC as of 15 Mar 2023 2:00 PM EDT,29511
11/21/2022,24,20.71428571,29535,Data as Reported to CDC as of 15 Mar 2023 2:00 PM EDT,29535
11/22/2022,18,20.57142857,29553,Data as Reported to CDC as of 15 Mar 2023 2:00 PM EDT,29553
11/23/2022,18,19.85714286,29571,Data as Reported to CDC as of 15 Mar 2023 2:00 PM EDT,29571
11/24/2022,18,20.57142857,29589,Data as Reported to CDC as of 15 Mar 2023 2:00 PM EDT,29589
11/25/2022,13,18.14285714,29602,Data as Reported to CDC as of 15 Mar 2023 2:00 PM EDT,29602
11/26/2022,15,17.71428571,29617,Data as Reported to CDC as of 15 Mar 2023 2:00 PM EDT,29617
11/27/2022,9,16.42857143,29626,Data as Reported to CDC as of 15 Mar 2023 2:00 PM EDT,29626
11/28/2022,22,16.14285714,29648,Data as Reported to CDC as of 15 Mar 2023 2:00 PM EDT,29648
11/29/2022,17,16.0,29665,Data as Reported to CDC as of 15 Mar 2023 2:00 PM EDT,29665
11/30/2022,14,15.42857143,29679,Data as Reported to CDC as of 15 Mar 2023 2:00 PM EDT,29679
12/1/2022,21,15.85714286,29700,Data as Reported to CDC as of 15 Mar 2023 2:00 PM EDT,29700
12/2/2022,15,16.14285714,29715,Data as Reported to CDC as of 15 Mar 2023 2:00 PM EDT,29715
12/3/2022,9,15.28571429,29724,Data as Reported to CDC as of 15 Mar 2023 2:00 PM EDT,29724
12/4/2022,8,15.14285714,29732,Data as Reported to CDC as of 15 Mar 2023 2:00 PM EDT,29732
12/5/2022,23,15.28571429,29755,Data as Reported to CDC as of 15 Mar 2023 2:00 PM EDT,29755
12/6/2022,10,14.28571429,29765,Data as Reported to CDC as of 15 Mar 2023 2:00 PM EDT,29765
12/7/2022,13,14.14285714,29778,Data as Reported to CDC as of 15 Mar 2023 2:00 PM EDT,29778
12/8/2022,18,13.71428571,29796,Data as Reported to CDC as of 15 Mar 2023 2:00 PM EDT,29796
12/9/2022,9,12.85714286,29805,Data as Reported to CDC as of 15 Mar 2023 2:00 PM EDT,29805
12/10/2022,11,13.14285714,29816,Data as Reported to CDC as of 15 Mar 2023 2:00 PM EDT,29816
12/11/2022,7,13.0,29823,Data as Reported to CDC as of 15 Mar 2023 2:00 PM EDT,29823
12/12/2022,15,11.85714286,29838,Data as Reported to CDC as of 15 Mar 2023 2:00 PM EDT,29838
12/13/2022,10,11.85714286,29848,Data as Reported to CDC as of 15 Mar 2023 2:00 PM EDT,29848
12/14/2022,15,12.14285714,29863,Data as Reported to CDC as of 15 Mar 2023 2:00 PM EDT,29863
12/15/2022,15,11.71428571,29878,Data as Reported to CDC as of 15 Mar 2023 2:00 PM EDT,29878
12/16/2022,15,12.57142857,29893,Data as Reported to CDC as of 15 Mar 2023 2:00 PM EDT,29893
12/17/2022,6,11.85714286,29899,Data as Reported to CDC as of 15 Mar 2023 2:00 PM EDT,29899
12/18/2022,9,12.14285714,29908,Data as Reported to CDC as of 15 Mar 2023 2:00 PM EDT,29908
12/19/2022,13,11.85714286,29921,Data as Reported to CDC as of 15 Mar 2023 2:00 PM EDT,29921
12/20/2022,12,12.14285714,29933,Data as Reported to CDC as of 15 Mar 2023 2:00 PM EDT,29933
12/21/2022,2,10.28571429,29935,Data as Reported to CDC as of 15 Mar 2023 2:00 PM EDT,29935
12/22/2022,9,9.428571429,29944,Data as Reported to CDC as of 15 Mar 2023 2:00 PM EDT,29944
12/23/2022,9,8.571428571,29953,Data as Reported to CDC as of 15 Mar 2023 2:00 PM EDT,29953
12/24/2022,4,8.285714286,29957,Data as Reported to CDC as of 15 Mar 2023 2:00 PM EDT,29957
12/25/2022,7,8.0,29964,Data as Reported to CDC as of 15 Mar 2023 2:00 PM EDT,29964
12/26/2022,8,7.285714286,29972,Data as Reported to CDC as of 15 Mar 2023 2:00 PM EDT,29972
12/27/2022,4,6.142857143,29976,Data as Reported to CDC as of 15 Mar 2023 2:00 PM EDT,29976
12/28/2022,5,6.571428571,29981,Data as Reported to CDC as of 15 Mar 2023 2:00 PM EDT,29981
12/29/2022,3,5.714285714,29984,Data as Reported to CDC as of 15 Mar 2023 2:00 PM EDT,29984
12/30/2022,8,5.571428571,29992,Data as Reported to CDC as of 15 Mar 2023 2:00 PM EDT,29992
12/31/2022,6,5.857142857,29998,Data as Reported to CDC as of 15 Mar 2023 2:00 PM EDT,29998
1/1/2023,12,6.571428571,30010,Data as Reported to CDC as of 15 Mar 2023 2:00 PM EDT,30010
1/2/2023,2,5.714285714,30012,Data as Reported to CDC as of 15 Mar 2023 2:00 PM EDT,30012
1/3/2023,9,6.428571429,30021,Data as Reported to CDC as of 15 Mar 2023 2:00 PM EDT,30021
1/4/2023,2,6.0,30023,Data as Reported to CDC as of 15 Mar 2023 2:00 PM EDT,30023
1/5/2023,10,7.0,30033,Data as Reported to CDC as of 15 Mar 2023 2:00 PM EDT,30033
1/6/2023,5,6.571428571,30038,Data as Reported to CDC as of 15 Mar 2023 2:00 PM EDT,30038
1/7/2023,5,6.428571429,30043,Data as Reported to CDC as of 15 Mar 2023 2:00 PM EDT,30043
1/8/2023,5,5.428571429,30048,Data as Reported to CDC as of 15 Mar 2023 2:00 PM EDT,30048
1/9/2023,6,6.0,30054,Data as Reported to CDC as of 15 Mar 2023 2:00 PM EDT,30054
1/10/2023,8,5.857142857,30062,Data as Reported to CDC as of 15 Mar 2023 2:00 PM EDT,30062
1/11/2023,8,6.714285714,30070,Data as Reported to CDC as of 15 Mar 2023 2:00 PM EDT,30070
1/12/2023,9,6.571428571,30079,Data as Reported to CDC as of 15 Mar 2023 2:00 PM EDT,30079
1/13/2023,8,7.0,30087,Data as Reported to CDC as of 15 Mar 2023 2:00 PM EDT,30087
1/14/2023,5,7.0,30092,Data as Reported to CDC as of 15 Mar 2023 2:00 PM EDT,30092
1/15/2023,6,7.142857143,30098,Data as Reported to CDC as of 15 Mar 2023 2:00 PM EDT,30098
1/16/2023,5,7.0,30103,Data as Reported to CDC as of 15 Mar 2023 2:00 PM EDT,30103
1/17/2023,2,6.142857143,30105,Data as Reported to CDC as of 15 Mar 2023 2:00 PM EDT,30105
1/18/2023,4,5.571428571,30109,Data as Reported to CDC as of 15 Mar 2023 2:00 PM EDT,30109
1/19/2023,3,4.714285714,30112,Data as Reported to CDC as of 15 Mar 2023 2:00 PM EDT,30112
1/20/2023,12,5.285714286,30124,Data as Reported to CDC as of 15 Mar 2023 2:00 PM EDT,30124
1/21/2023,7,5.571428571,30131,Data as Reported to CDC as of 15 Mar 2023 2:00 PM EDT,30131
1/22/2023,5,5.428571429,30136,Data as Reported to CDC as of 15 Mar 2023 2:00 PM EDT,30136
1/23/2023,4,5.285714286,30140,Data as Reported to CDC as of 15 Mar 2023 2:00 PM EDT,30140
1/24/2023,5,5.714285714,30145,Data as Reported to CDC as of 15 Mar 2023 2:00 PM EDT,30145
1/25/2023,10,6.571428571,30155,Data as Reported to CDC as of 15 Mar 2023 2:00 PM EDT,30155
1/26/2023,5,6.857142857,30160,Data as Reported to CDC as of 15 Mar 2023 2:00 PM EDT,30160
1/27/2023,3,5.571428571,30163,Data as Reported to CDC as of 15 Mar 2023 2:00 PM EDT,30163
1/28/2023,6,5.428571429,30169,Data as Reported to CDC as of 15 Mar 2023 2:00 PM EDT,30169
1/29/2023,3,5.142857143,30172,Data as Reported to CDC as of 15 Mar 2023 2:00 PM EDT,30172
1/30/2023,3,5.0,30175,Data as Reported to CDC as of 15 Mar 2023 2:00 PM EDT,30175
1/31/2023,5,5.0,30180,Data as Reported to CDC as of 15 Mar 2023 2:00 PM EDT,30180
2/1/2023,3,4.0,30183,Data as Reported to CDC as of 15 Mar 2023 2:00 PM EDT,30183
2/2/2023,7,4.285714286,30190,Data as Reported to CDC as of 15 Mar 2023 2:00 PM EDT,30190
2/3/2023,3,4.285714286,30193,Data as Reported to CDC as of 15 Mar 2023 2:00 PM EDT,30193
2/4/2023,5,4.142857143,30198,Data as Reported to CDC as of 15 Mar 2023 2:00 PM EDT,30198
2/5/2023,0,3.714285714,30198,Data as Reported to CDC as of 15 Mar 2023 2:00 PM EDT,30198
2/6/2023,1,3.428571429,30199,Data as Reported to CDC as of 15 Mar 2023 2:00 PM EDT,30199
2/7/2023,2,3.0,30201,Data as Reported to CDC as of 15 Mar 2023 2:00 PM EDT,30201
2/8/2023,5,3.285714286,30206,Data as Reported to CDC as of 15 Mar 2023 2:00 PM EDT,30206
2/9/2023,1,2.428571429,30207,Data as Reported to CDC as of 15 Mar 2023 2:00 PM EDT,30207
2/10/2023,3,2.428571429,30210,Data as Reported to CDC as of 15 Mar 2023 2:00 PM EDT,30210
2/11/2023,2,2.0,30212,Data as Reported to CDC as of 15 Mar 2023 2:00 PM EDT,30212
2/12/2023,3,2.428571429,30215,Data as Reported to CDC as of 15 Mar 2023 2:00 PM EDT,30215
2/13/2023,1,2.428571429,30216,Data as Reported to CDC as of 15 Mar 2023 2:00 PM EDT,30216
2/14/2023,1,2.285714286,30217,Data as Reported to CDC as of 15 Mar 2023 2:00 PM EDT,30217
2/15/2023,3,2.0,30220,Data as Reported to CDC as of 15 Mar 2023 2:00 PM EDT,30220
2/16/2023,3,2.285714286,30223,Data as Reported to CDC as of 15 Mar 2023 2:00 PM EDT,30223
2/17/2023,2,2.142857143,30225,Data as Reported to CDC as of 15 Mar 2023 2:00 PM EDT,30225
2/18/2023,3,2.285714286,30228,Data as Reported to CDC as of 15 Mar 2023 2:00 PM EDT,30228
2/19/2023,2,2.142857143,30230,Data as Reported to CDC as of 15 Mar 2023 2:00 PM EDT,30230
2/20/2023,0,2.0,30230,Data as Reported to CDC as of 15 Mar 2023 2:00 PM EDT,30230
2/21/2023,0,1.857142857,30230,Data as Reported to CDC as of 15 Mar 2023 2:00 PM EDT,30230
2/22/2023,1,1.571428571,30231,Data as Reported to CDC as of 15 Mar 2023 2:00 PM EDT,30231
2/23/2023,2,1.428571429,30233,Data as Reported to CDC as of 15 Mar 2023 2:00 PM EDT,30233
2/24/2023,2,1.428571429,30235,Data as Reported to CDC as of 15 Mar 2023 2:00 PM EDT,30235
2/25/2023,1,1.142857143,30236,Data as Reported to CDC as of 15 Mar 2023 2:00 PM EDT,30236
2/26/2023,2,1.142857143,30238,Data as Reported to CDC as of 15 Mar 2023 2:00 PM EDT,30238
2/27/2023,3,1.571428571,30241,Data as Reported to CDC as of 15 Mar 2023 2:00 PM EDT,30241
2/28/2023,1,1.714285714,30242,Data as Reported to CDC as of 15 Mar 2023 2:00 PM EDT,30242
3/1/2023,4,2.142857143,30246,Data as Reported to CDC as of 15 Mar 2023 2:00 PM EDT,30246
3/2/2023,2,2.142857143,30248,Data as Reported to CDC as of 15 Mar 2023 2:00 PM EDT,30248
3/3/2023,0,1.857142857,30248,Data as Reported to CDC as of 15 Mar 2023 2:00 PM EDT,30248
3/4/2023,3,2.142857143,30251,Data as Reported to CDC as of 15 Mar 2023 2:00 PM EDT,30251
3/5/2023,2,2.142857143,30253,Data as Reported to CDC as of 15 Mar 2023 2:00 PM EDT,30253
3/6/2023,0,1.714285714,30253,Data as Reported to CDC as of 15 Mar 2023 2:00 PM EDT,30253
3/7/2023,0,1.571428571,30253,Data as Reported to CDC as of 15 Mar 2023 2:00 PM EDT,30253
3/8/2023,1,1.142857143,30254,Data as Reported to CDC as of 15 Mar 2023 2:00 PM EDT,30254
3/9/2023,0,0.857142857,30254,Data as Reported to CDC as of 15 Mar 2023 2:00 PM EDT,30254
3/10/2023,1,1.0,30255,Data as Reported to CDC as of 15 Mar 2023 2:00 PM EDT,30255
3/11/2023,0,0.571428571,30255,Data as Reported to CDC as of 15 Mar 2023 2:00 PM EDT,30255
3/12/2023,0,0.285714286,30255,Data as Reported to CDC as of 15 Mar 2023 2:00 PM EDT,30255
3/13/2023,3,0.714285714,30258,Data as Reported to CDC as of 15 Mar 2023 2:00 PM EDT,30258
3/14/2023,0,0.714285714,30258,Data as Reported to CDC as of 15 Mar 2023 2:00 PM EDT,30258
3/15/2023,1,0.714285714,30259,Data as Reported to CDC as of 15 Mar 2023 2:00 PM EDT,30259
